date,keyword,rank,title,source,published,url
2026-08-22,건강 검진,1,"EU, 2027년 '배터리 여권' 전면 도입… 독일 배터리 '건강검진' 시장 활짝 - 더구루",더구루,"Sat, 22 Aug 2026 00:21:12 GMT",https://news.google.com/rss/articles/CBMiXkFVX3lxTE1YSTlzQTFXZ2l3TnNsbVlKaUg4ZGFaaW9GZFpUdUVCdy1rcDFHNUZUOFI4WDdvSVFxbGdpQTJaTXBySEtPRFY2ZS1WZUlCUmdNVFFDdzhiSnYyMDVSbFE?oc=5
2026-08-22,건강 검진,2,검진 이상소견시 즉시 진료연계…울산대병원·건강관리협회 협약 - 연합뉴스,연합뉴스,"Fri, 21 Aug 2026 05:38:44 GMT",https://news.google.com/rss/articles/CBMiW0FVX3lxTE1Na0tzVWFMRDZlNEpDcmdra0ZyaENqNDdBZnZIN0NRNWlkNVUwWnVtUUVFMmpzSTNRUGZGeEJyMXY5M2pMZEdwZGoteU01ckY0YlljVEUxMDRwY1HSAWBBVV95cUxQZGhPM3hucTJhaHVwT05sZmI4bHB4T1RPbU1aWUphOS0xQWFlT2QwN3h6aWxjRUFzcHdzQmZIVEJxTkJNa0xOSDNsdjhILW1ucEl0R1RPVk5vLVVQVkR4LUg?oc=5
2026-08-22,건강 검진,3,"화성특례시, 의료급여수급권자 무료 건강검진 추진 > 뉴스 - 더코리아",더코리아,"Fri, 21 Aug 2026 15:01:00 GMT",https://news.google.com/rss/articles/CBMicEFVX3lxTE8yNkxSRzUycEd0cGVDYWRMdGs5NnRyeVhBUnYwVnY0ZXhyR3JNQ2lkWjZZcXBvUnFLVlFBeHhweEROQ1JPY0lJSDF4cDVlQWxYRi01ZkY3MklBcEJ6WVkwTS1ITk1TM3dvNjFKM3BobUI?oc=5
2026-08-22,건강 검진,4,"안성 한겨레중고·동남보건대 안경광학과, 지역 어르신 눈 건강 검진 봉사 펼쳐 - 인천일보",인천일보,"Fri, 21 Aug 2026 05:42:00 GMT",https://news.google.com/rss/articles/CBMicEFVX3lxTE4wX0p2anJ6MG1STzVKNENWa1FQQzBPc3NTX1liUEZNdDEyVUxXTHhuUmRURGdXdzZFMnZ6QW5CdzQyY0FFNjl5UzRjQnFZR2pWYU03bHRZZXI4ZmRXVENOREtYTHlkYW1mSTVhSHlHb2s?oc=5
2026-08-22,건강 검진,5,﻿건강검진 후 ‘관리 공백’…모바일 헬스케어로 ‘보완’ - 데일리메디,데일리메디,"Fri, 21 Aug 2026 00:46:00 GMT",https://news.google.com/rss/articles/CBMiaEFVX3lxTFBIMGVVbG5vVk5ybEdIOUMzdmxpNGloY1ZvajVWZmRrYk1yNVFTdVZTLXBMRHNxS3l4d09uUjhwXzRPNkxPNy13RUNZRzdxTmpoT1c3UzgwYzRvUmVsc0FhWVF5Y3NCQ0Zp?oc=5
2026-08-22,건강 검진,6,"강북삼성병원, 건강검진 이후가 중요…모바일 맞춤관리 가능성 확인 - 헬스경향",헬스경향,"Wed, 19 Aug 2026 07:54:38 GMT",https://news.google.com/rss/articles/CBMia0FVX3lxTE5VZ2tlMzFJbTFrNXRFR3FfNGpqLTA5TFNFajdGMHl2dHJpdjhPZDdjcXVpRzh0YlRJUEg5MTByZWJHMWU3ZUxqSDlWbzJ3X3J3QVdxMFJ2WmpHalIyckRYX1RQY0V6bmVkV3RV?oc=5
2026-08-22,건강 검진,7,"울산대병원-건협 울산지부, 검진 이상소견자 진료연계 강화 - 의학신문",의학신문,"Fri, 21 Aug 2026 05:29:52 GMT",https://news.google.com/rss/articles/CBMiakFVX3lxTE9CeGpBX2VWMmVGcE9WRExNd2dLWHNicHh4QUpKTjRwdGRhXzNxaWptYmlQcHVJcTg2OWlmYUpZTi1FV0d5R0FGdWRJWHZ3dTV3U3NoejVSQVVxSGpOSldmR3JOd19DbEJKSVE?oc=5
2026-08-22,건강 검진,8,"[르포] “오늘은 건강검진, 내일은 피부과”…K-의료에 반한 외국인 - 조선비즈 - Chosunbiz",Chosunbiz,"Tue, 18 Aug 2026 00:10:00 GMT",https://news.google.com/rss/articles/CBMiigFBVV95cUxOdUFsWUpwUU5nMjdTdGRLN20tZUR2RW1uQU1XRGdEdEk0QWxXVl81OE5qQ2pwVzZpSzVQS0EwOFE2RERJVzNvVWI2WV9vYl9JWGhDQXRMVWhjVjVFNGlPdWhRSlpKY0wzQTE1N0ZZT0tpQjNWakxGTVlCZ0JyYkF6SHRSMVM5Q3JpR1HSAZ4BQVVfeXFMUERRYjBPWjRzY0Ita3hJOVNHdUFJVXFwVFczd24xdm5Vc1d0a0tGNU1VOG1sVkFVVVk1bkZQOGdrWndUZEFFMjhkUVByZktYcE5tTXVlQ0Q1ZmRKem4tdDlIZzU5eTY0c2pPVHdhdldETTQ5MWFJc3F0ZEJQcklKcHhsLXlMM2VQakZ2M2VkNnNqREZNakhxVGtIS08yVEE?oc=5
2026-08-22,건강 검진,9,"뉴로핏-네오마크, AI 기반 기업 뇌 건강검진 서비스 확대 협력 - 히트뉴스",히트뉴스,"Mon, 17 Aug 2026 23:57:06 GMT",https://news.google.com/rss/articles/CBMia0FVX3lxTE8xNWlOaXhDc2VLamQ5RmZNSXhJNkpNMW1WanJNX1FQNjF6N3l6dy1STHNjcC1DWTR2SWt5S2FfdnhfWUlUZEdMUmg0UVVpR1pzaVFBVTZXX1JQTUNPXzdXSGIwWFRLS19BWW9B?oc=5
2026-08-22,건강 검진,10,"영주적십자병원, 지역아동센터 아동 대상 맞춤형 종합건강검진 실시 - 글로벌뉴스통신GNA",글로벌뉴스통신GNA,"Fri, 21 Aug 2026 10:48:17 GMT",https://news.google.com/rss/articles/CBMidEFVX3lxTE1VTDdLSFRvZndHRG11MDJMYlVUMjByVVRSZy1UVGo0cFg0VTRicFhlaHo1bm1xU252VWF2WDdBbDVMSWtXcGVhM0JRMDBlMzFkajVPVTBROXhoQnRJaEFNdUJmWmctTlJ4YzJfWkFHdnRyRlhM?oc=5
2026-08-22,건강 보험,1,"국민건강보험공단 울산남부지사, 취약계층 영유아 가정에 '하늘반창고' 육아용품 쾌척 - 경상일보",경상일보,"Fri, 21 Aug 2026 13:30:23 GMT",https://news.google.com/rss/articles/CBMibEFVX3lxTE9BTlhqNTFOenVMZzVCRElVNDVkQmN3RGVMQXRmTWNmWjA3MlJxRklLMUFveEYySzVzLWxLdTd6cXhyeVhPZHhfZ01uZXl3SExUQ1c3eHVWSW1ZVVEyXzAyLTlXY2M3SlJPMHg1OA?oc=5
2026-08-22,건강 보험,2,"건강보험심사평가원, 강릉 경포호수광장에서 대국민 건강서비스 체험 행사 개최 - 동아일보",동아일보,"Fri, 21 Aug 2026 03:35:00 GMT",https://news.google.com/rss/articles/CBMidkFVX3lxTE9LRkx1YWZhNGNQcmlCLWVPeFhTZ2xsY3NyQ2FnWHVDcFhsd2gzYkZPVUdHVDQwdjNFUkFuc0hZYlFIUXpsY3ZxSElvZElsdXVuOVB1aVh5ZkRZcVhHQ2haTGRMYWJRcjJ5VERqdjBtZS05TWkzckHSAWZBVV95cUxQcHVlZXJvNDgxdko1bDVnMkYycm9Kbm1oejY0QWEwdTBDX19INGJUeGtnSXpKcEdJckx3Ui1XQ0lsWTdCR2pOck9pMVFvQnFfbzZ2elRJSnMzM3B1dVQ2U1BZRnU1VHc?oc=5
2026-08-22,건강 보험,3,"건보 심판청구 10년 새 3배…박지원, 심판위원 60→90명 확대 발의 - 스트레이트뉴스",스트레이트뉴스,"Fri, 21 Aug 2026 05:39:17 GMT",https://news.google.com/rss/articles/CBMic0FVX3lxTE5vQkttanMxV0EzUTFpS3FDeGxhclc0bjhlSlVDemxQTzJPR3VxaEVjR19nLUZjOW9Jc1lqZ0h5YUVzQkdMNmhLN2Z5ekdHNEhZaFlaZklaY0JuWnctdW81TVZaMWpzdmFhekJGTzJ0dWpDZFXSAXdBVV95cUxQZ2pWNVFYbWZ0RWMzTkxpWXlGaDJDWnkxdVlmWC1RdGdBR25UYVpoQ1VuUXRtMlRWSlQ3M2YxSGE4aWZobXk5eGdEbllnZVlPRDJocXVBRjBWR1BoMktNOGdoS3FfcTY4RUJWOWh6UjgtTFZFSkxvUQ?oc=5
2026-08-22,건강 보험,4,"""폭증한 건보 심판청구 지연 막는다""… 국민건강보험법 발의 - 뉴스1",뉴스1,"Fri, 21 Aug 2026 05:46:32 GMT",https://news.google.com/rss/articles/CBMiVEFVX3lxTE1HNENPdjV6c1BUUEVFS1cxOUdKc183UmNIRXRQYndjd2VEWVJCRENmeHRnY2ZaRjZhNm9ydlp3Q1hMNHdLQU1IZzVGZnBvYXR1Q0NzUNIBWkFVX3lxTE1kOWgyeUgyc1NLOWM0SWd0OWxaXy1LMzk0R1BkWXlDMW1wV2pFS0hKdlhDTC1iaUpaaFhfdGk0OGV5RW9UMTYxTEF1bEluMDloZHJFdFM4YUtVdw?oc=5
2026-08-22,건강 보험,5,"박지원 의원, 건강보험 심판제도 개선법 대표발의 - 뉴스핌",뉴스핌,"Fri, 21 Aug 2026 02:29:00 GMT",https://news.google.com/rss/articles/CBMiXEFVX3lxTFBLZDVwd3MyM1NJOWpyRTUtNHhtNXAxS0NlUkxpLXB6YnBhdndod3hwa3l5OXhjVm5GbTBQT3NfbmJMcHJ1d0lvZFJBcGNUNkNKR3VOdHVud0VOTXM1?oc=5
2026-08-22,건강 보험,6,[금상소] 병력·건강 따라 보험료 달라진다…가입 전 따져볼 것은 - 이투데이,이투데이,"Fri, 21 Aug 2026 08:00:00 GMT",https://news.google.com/rss/articles/CBMiVEFVX3lxTE45Rl85SVRUazZ2b2ZNZXVmcUFVT1ZKdlcxQjV3OWpuQjJ5MHJkNFAwcU0tanhBdnlLbjZDREFncEpUcUppSC1LVXBveDZ3NlVZWU5FWg?oc=5
2026-08-22,건강 보험,7,"민주노총 ""'건강보험=사회주의' 인요한, 적십자 회장 취임 국회가 막아야"" - 프레시안",프레시안,"Fri, 21 Aug 2026 03:22:42 GMT",https://news.google.com/rss/articles/CBMia0FVX3lxTE5pZmVoTTQxNmdjNjdtV196WFJrYjJ6U19waDdIazNkeWRDaXN1SGV0WE9Ccl9abWc3aWtKQUh6SW10MW1HenZUaGJzUTRBdnBabUxpaDRCaVgtR0JJMzBiOTEzVmxGakgwQUVJ?oc=5
2026-08-22,건강 보험,8,건보 적자…정부 법에서 정한 지원금 21조 미지급 - v.daum.net,v.daum.net,"Thu, 20 Aug 2026 07:28:50 GMT",https://news.google.com/rss/articles/CBMiT0FVX3lxTE9sbEVvR1FBYkpYY1hpbnZOZTczTU1hMF9QZmFRcTVBLVA5LUI3REdYVTNncHFMVndwX0FMREdRbWNzMFVzNEhUY0ViODI4azA?oc=5
2026-08-22,건강 보험,9,부자 증세보다 건강보험 과세?…美 사회보장 재원 해법 - 네이트,네이트,"Fri, 21 Aug 2026 07:24:00 GMT",https://news.google.com/rss/articles/CBMiU0FVX3lxTE5hekQ0T3dJd2xpMkhpOHpkaWxUUjFwNnFkOWNyYm0tTEFXZ3FDSkJhTFpaSFI2RkxTVmlFNnJ1YmFqXzJYMFE3RUtGMnNTNHhEMVFJ?oc=5
2026-08-22,건강 보험,10,"국민건강보험공단, 장기요양기관 자가진단 연중 운영 - 글로벌이코노믹",글로벌이코노믹,"Fri, 21 Aug 2026 01:44:58 GMT",https://news.google.com/rss/articles/CBMiigFBVV95cUxORG1tRFk5VGN3V3lFaGRReTN4N0t6LWdfWDExYXhOR3ZHMVowOVJHZ2FwZlA3Q1F6Y2g4UHZNSXNzb3BLanVQcS1DanNfM0V3TzlvSndqakFydWNIQ3VtREFKM3p3V1BYVzhPdjJzV2lCRE94cEF6OUhGWU5YaE9zb3pUWUdJTElwS3c?oc=5
2026-08-22,건강 보험 공단,1,"국민건강보험공단 울산남부지사, 취약계층 영유아 가정에 '하늘반창고' 육아용품 쾌척 - 경상일보",경상일보,"Fri, 21 Aug 2026 13:30:23 GMT",https://news.google.com/rss/articles/CBMibEFVX3lxTE9BTlhqNTFOenVMZzVCRElVNDVkQmN3RGVMQXRmTWNmWjA3MlJxRklLMUFveEYySzVzLWxLdTd6cXhyeVhPZHhfZ01uZXl3SExUQ1c3eHVWSW1ZVVEyXzAyLTlXY2M3SlJPMHg1OA?oc=5
2026-08-22,건강 보험 공단,2,"[단독] 해커, 다크웹 포럼에 ""국민건강보험공단 데이터 4,800만 건 판매"" 글 게시...공단 측 ""확인결과 내부 데이터 아냐"" - 데일리시큐",데일리시큐,"Wed, 19 Aug 2026 06:13:23 GMT",https://news.google.com/rss/articles/CBMibEFVX3lxTE1peENZM2RSZ1ZPR1dTSkp5R25VRG9YTy1xbjV5cDRpVVdacHk3SWlfeV91X1NwYU1hZ2xpMHBkbzBfOUtld1o4bXdQV1ZZeHAtdTFfNk5OOEFZQlJpYkRMbHpid0VHbThZZWZsYw?oc=5
2026-08-22,건강 보험 공단,3,"국민건강보험공단, 장기요양기관 자가진단 연중 운영 - 글로벌이코노믹",글로벌이코노믹,"Fri, 21 Aug 2026 01:44:58 GMT",https://news.google.com/rss/articles/CBMiigFBVV95cUxORG1tRFk5VGN3V3lFaGRReTN4N0t6LWdfWDExYXhOR3ZHMVowOVJHZ2FwZlA3Q1F6Y2g4UHZNSXNzb3BLanVQcS1DanNfM0V3TzlvSndqakFydWNIQ3VtREFKM3p3V1BYVzhPdjJzV2lCRE94cEF6OUhGWU5YaE9zb3pUWUdJTElwS3c?oc=5
2026-08-22,건강 보험 공단,4,"건보공단, 장기요양기관 서비스 자가진단 상시 운영 - 뉴시스",뉴시스,"Fri, 21 Aug 2026 02:33:33 GMT",https://news.google.com/rss/articles/CBMiYkFVX3lxTE1fUGwwQndHTzBxMmYzZFVwY0o5enNUYkZLeFktbm1tTEpOQjBBQzFvX0hEUlM3VGRZWmFpX0ZjVlFURHBhNFk5cVVnWkpKR2EwM2dNbTBteTZETUIxQ3BlNGtn?oc=5
2026-08-22,건강 보험 공단,5,"건보공단, 장기요양기관 서비스 자가진단 상시 운영 - 아시아투데이",아시아투데이,"Fri, 21 Aug 2026 07:27:17 GMT",https://news.google.com/rss/articles/CBMibkFVX3lxTE1xZXo2T0hxZk5rZDhldjJDTUNhTnhzNjA2WWI3Zk5MaFUxenJ2eDlOTzVCcVUxOV93RXF6NnhmZlJzMWppYkVGc0h3RFVMbmtESkFmUHY1V1AwX08yUlJPeWtHZ0JPT3RyVXVkcWxR?oc=5
2026-08-22,건강 보험 공단,6,"건강보험공단, 이제 모바일 앱서 이의신청, 심사청구 접수 - 뉴뉴스",뉴뉴스,"Fri, 21 Aug 2026 13:07:22 GMT",https://news.google.com/rss/articles/CBMiZkFVX3lxTE5PX3dGaTdpaHEyQndZaTVDZ2JDcks5dV9PVUJxcHdWbl9DdDhNLWlTcG5OYUxCOXJ1RGR6RllCVHdHR2hSOXNKZEFqSF9JMllpRE40bzltczFUWENxbW9mSnJuLUZadw?oc=5
2026-08-22,건강 보험 공단,7,"건보공단, 모바일 ‘건강보험 이의신청’ 기능 제공 - 주간한국",주간한국,"Wed, 19 Aug 2026 16:30:57 GMT",https://news.google.com/rss/articles/CBMidEFVX3lxTE15ZHJ3Y0lmVzJDMEs0MExwWHV3S2x6RzF4OXYzVXI3aG50dlYybmdWNDJ1ejlWTDlKQU93bzFYZlpnVWc0RUxtazQyZV9QbWIzMFp6T2NOUVlGYzVueVVvVmJsTk5XS1psZXUtMFc3WnROUzlT0gF0QVVfeXFMTXlkcndjSWZXMkMwSzQwTHBYdXdLbHpHMXg5djNVcjdobnR2VjJuZ1Y0MnV6OVZMOUpBT3dvMVhmWmdVZzRFTG1rNDJlX1BtYjMwWnpPY05RWUZjNW55VW9WYmxOTldLWmxldS0wVzdadE5TOVM?oc=5
2026-08-22,건강 보험 공단,8,"건강보험 이의신청, 모바일로 간편하게…""처리결과 바로 확인"" - 연합뉴스",연합뉴스,"Wed, 19 Aug 2026 01:35:33 GMT",https://news.google.com/rss/articles/CBMiW0FVX3lxTE5aZDdEci1jeUZCNU1feTEzckNfa3RxVWpDS0hfM0VfVDdUdnAzay1YVXFSb09qNjN3eXFWQzhsSnBINzBaV0lSRWVzU0lJRUlzTVZKa09BLW5DTTjSAWBBVV95cUxOSURuZ3lfT1pDOTNOQXZScHgwNlctVlF3YzBwRHExbjhqYnVkQ2QzR1pBVmxRelhXa2FibGw2aUROZml4QmNodTBualRiWUZtWjhGYzhuNE9tYmFGa2tUUGM?oc=5
2026-08-22,건강 보험 공단,9,"건보공단 부울경본부, 거제 수해민 긴급지원…27개 대피소에 온정 - 인더스트리뉴스",인더스트리뉴스,"Fri, 21 Aug 2026 15:49:04 GMT",https://news.google.com/rss/articles/CBMickFVX3lxTE1haVd1aEs5WF8tajBvb3lHX3owbFZsaWhZbFJpc2xGclVoVFoyU3VycnJMM0NQM0ZPUWIxaUhpNWFwOTY2dVJ6T0JGVFIzakVmcE5ieGlqaTB1UnF6Y3Z4b1lVa0xvZjB6eWtxaFB4d0xJUQ?oc=5
2026-08-22,건강 보험 공단,10,건강보험 심판제도 개선 추진 - 병원신문,병원신문,"Fri, 21 Aug 2026 13:48:51 GMT",https://news.google.com/rss/articles/CBMiakFVX3lxTE9PQ1c3bkpsTmRXZi1XbWxoRGkyY21qN3prV0Y1V19CODUxQXRSanFrRmFTOHJHNjk2OVU3R2xFUjM4N1hXX2FhMG9UX2d3by01OUZERkN4Z1YxTG5kTzM3cjRlYjMzWU53V2c?oc=5
2026-08-22,국민 건강 보험 공단,1,"국민건강보험공단 울산남부지사, 취약계층 영유아 가정에 '하늘반창고' 육아용품 쾌척 - 경상일보",경상일보,"Fri, 21 Aug 2026 13:30:23 GMT",https://news.google.com/rss/articles/CBMibEFVX3lxTE9BTlhqNTFOenVMZzVCRElVNDVkQmN3RGVMQXRmTWNmWjA3MlJxRklLMUFveEYySzVzLWxLdTd6cXhyeVhPZHhfZ01uZXl3SExUQ1c3eHVWSW1ZVVEyXzAyLTlXY2M3SlJPMHg1OA?oc=5
2026-08-22,국민 건강 보험 공단,2,"[단독] 해커, 다크웹 포럼에 ""국민건강보험공단 데이터 4,800만 건 판매"" 글 게시...공단 측 ""확인결과 내부 데이터 아냐"" - 데일리시큐",데일리시큐,"Wed, 19 Aug 2026 06:13:23 GMT",https://news.google.com/rss/articles/CBMibEFVX3lxTE1peENZM2RSZ1ZPR1dTSkp5R25VRG9YTy1xbjV5cDRpVVdacHk3SWlfeV91X1NwYU1hZ2xpMHBkbzBfOUtld1o4bXdQV1ZZeHAtdTFfNk5OOEFZQlJpYkRMbHpid0VHbThZZWZsYw?oc=5
2026-08-22,국민 건강 보험 공단,3,"[수원소식]건보 인천경기본부, 냉방 취약계층 지원 등 - 네이트",네이트,"Fri, 21 Aug 2026 00:51:00 GMT",https://news.google.com/rss/articles/CBMieEFVX3lxTFBES2dGRWtoV3RBYWlIQzZBeU9oalJUNU9UTkQybHh0MlZCeDl4alFPcEtuaU5uRnVISnZRWktOOVFWVW5qNHJHS0ozVnVvRmcxelRIOWdKRFU2TzVaajhmYVRKTDZCdlBHNlVuT0pPYmpwQnZ1dWlJQw?oc=5
2026-08-22,국민 건강 보험 공단,4,"국민건강보험공단, 장기요양기관 자가진단 연중 운영 - 글로벌이코노믹",글로벌이코노믹,"Fri, 21 Aug 2026 01:44:58 GMT",https://news.google.com/rss/articles/CBMiigFBVV95cUxORG1tRFk5VGN3V3lFaGRReTN4N0t6LWdfWDExYXhOR3ZHMVowOVJHZ2FwZlA3Q1F6Y2g4UHZNSXNzb3BLanVQcS1DanNfM0V3TzlvSndqakFydWNIQ3VtREFKM3p3V1BYVzhPdjJzV2lCRE94cEF6OUhGWU5YaE9zb3pUWUdJTElwS3c?oc=5
2026-08-22,국민 건강 보험 공단,5,"건보공단, 장기요양기관 서비스 자가진단 상시 운영 - 뉴시스",뉴시스,"Fri, 21 Aug 2026 02:33:33 GMT",https://news.google.com/rss/articles/CBMiYkFVX3lxTE1fUGwwQndHTzBxMmYzZFVwY0o5enNUYkZLeFktbm1tTEpOQjBBQzFvX0hEUlM3VGRZWmFpX0ZjVlFURHBhNFk5cVVnWkpKR2EwM2dNbTBteTZETUIxQ3BlNGtn?oc=5
2026-08-22,국민 건강 보험 공단,6,"건보공단, 장기요양기관 서비스 자가진단 상시 운영 - 아시아투데이",아시아투데이,"Fri, 21 Aug 2026 07:27:17 GMT",https://news.google.com/rss/articles/CBMibkFVX3lxTE1xZXo2T0hxZk5rZDhldjJDTUNhTnhzNjA2WWI3Zk5MaFUxenJ2eDlOTzVCcVUxOV93RXF6NnhmZlJzMWppYkVGc0h3RFVMbmtESkFmUHY1V1AwX08yUlJPeWtHZ0JPT3RyVXVkcWxR?oc=5
2026-08-22,국민 건강 보험 공단,7,"건보공단, ‘장기요양 서비스 모니터링 자가진단’ 연중 운영 - 주간한국",주간한국,"Fri, 21 Aug 2026 08:08:18 GMT",https://news.google.com/rss/articles/CBMidEFVX3lxTFBPMTNSakVrbEN5blZocjh2NW52OTRsWkhwVDRod0hHU2FFeHB4Sk5pdGRhekVWRTZhUXJpMGdYeFBWZ3lTSE5GMVBONm1vVjk1aFRJRU9hR2RIOElzem1pNnZSeWtheW52ZklVMkJWQl9ESjNk0gF0QVVfeXFMUE8xM1JqRWtsQ3luVmhyOHY1bnY5NGxaSHBUNGh3SEdTYUV4cHhKTml0ZGF6RVZFNmFRcmkwZ1h4UFZneVNITkYxUE42bW9WOTVoVElFT2FHZEg4SXN6bWk2dlJ5a2F5bnZmSVUyQlZCX0RKM2Q?oc=5
2026-08-22,국민 건강 보험 공단,8,"건보공단 부울경본부, 거제 수해민 긴급지원…27개 대피소에 온정 - 인더스트리뉴스",인더스트리뉴스,"Fri, 21 Aug 2026 15:49:04 GMT",https://news.google.com/rss/articles/CBMickFVX3lxTE1haVd1aEs5WF8tajBvb3lHX3owbFZsaWhZbFJpc2xGclVoVFoyU3VycnJMM0NQM0ZPUWIxaUhpNWFwOTY2dVJ6T0JGVFIzakVmcE5ieGlqaTB1UnF6Y3Z4b1lVa0xvZjB6eWtxaFB4d0xJUQ?oc=5
2026-08-22,국민 건강 보험 공단,9,"건강보험공단, 이제 모바일 앱서 이의신청, 심사청구 접수 - 뉴뉴스",뉴뉴스,"Fri, 21 Aug 2026 13:07:22 GMT",https://news.google.com/rss/articles/CBMiZkFVX3lxTE5PX3dGaTdpaHEyQndZaTVDZ2JDcks5dV9PVUJxcHdWbl9DdDhNLWlTcG5OYUxCOXJ1RGR6RllCVHdHR2hSOXNKZEFqSF9JMllpRE40bzltczFUWENxbW9mSnJuLUZadw?oc=5
2026-08-22,국민 건강 보험 공단,10,"건보공단, 장기요양기관 ‘서비스 모니터링 자가진단’ 상시 운영 - 요양뉴스",요양뉴스,"Fri, 21 Aug 2026 09:01:05 GMT",https://news.google.com/rss/articles/CBMib0FVX3lxTE1OZWE1Y0QyV2FnRUpBZ3dFOEo1Uzd3ZEd6SzlFWU9qaU9CNFZxdUZDdkdiWEZoSFRCaEF0cWEyakoxQ0lnY3dXeUVERmVqbmZtMl9YRF83OWVGY21KbGdGM25vZTk2UVB0bVdOMjVsRQ?oc=5
2026-08-22,건강 관리 협회,1,검진 이상소견시 즉시 진료연계…울산대병원·건강관리협회 협약 - 연합뉴스,연합뉴스,"Fri, 21 Aug 2026 05:38:44 GMT",https://news.google.com/rss/articles/CBMiW0FVX3lxTE1Na0tzVWFMRDZlNEpDcmdra0ZyaENqNDdBZnZIN0NRNWlkNVUwWnVtUUVFMmpzSTNRUGZGeEJyMXY5M2pMZEdwZGoteU01ckY0YlljVEUxMDRwY1HSAWBBVV95cUxQZGhPM3hucTJhaHVwT05sZmI4bHB4T1RPbU1aWUphOS0xQWFlT2QwN3h6aWxjRUFzcHdzQmZIVEJxTkJNa0xOSDNsdjhILW1ucEl0R1RPVk5vLVVQVkR4LUg?oc=5
2026-08-22,건강 관리 협회,2,"KH한국건강관리협회 경기도지부, SK청솔노인복지관 정기 배식 봉사활동 실시 - 새수원신문",새수원신문,"Fri, 21 Aug 2026 07:11:46 GMT",https://news.google.com/rss/articles/CBMiakFVX3lxTE1sVFVKQWxITWFLRXNCSllMSEZ6MWlhdXJINVlyOGhVZnFHQWN4c3hJcGFSTHF6cjRMcERndnUyU01XbHFwMC1KZ09QMi0zVy1DblpzRlh0WnpwX2RFazd3ZUNsQUdWX1JjQ2c?oc=5
2026-08-22,건강 관리 협회,3,"울산대병원·건강관리협회, 진료 협력…""지역 의료 강화"" - 뉴시스",뉴시스,"Fri, 21 Aug 2026 05:21:48 GMT",https://news.google.com/rss/articles/CBMieEFVX3lxTE5jSTl0bURoYVNOWE9KeGk2blZZSnRSdlplZFdoQ2VvYmZnRVYzOFc3Q0QwQXZKVzJocEJzODAxNk5UanZMNDZ5aERZd1ZCcVBYVWFRanFDbmVxZkVjUDNCSWM3YU53UTNKTjMtZ3hEdlk5dzBxcUtnQ9IBeEFVX3lxTE5jSTl0bURoYVNOWE9KeGk2blZZSnRSdlplZFdoQ2VvYmZnRVYzOFc3Q0QwQXZKVzJocEJzODAxNk5UanZMNDZ5aERZd1ZCcVBYVWFRanFDbmVxZkVjUDNCSWM3YU53UTNKTjMtZ3hEdlk5dzBxcUtnQw?oc=5
2026-08-22,건강 관리 협회,4,"임정식 한국건강관리협회 제주지부 본부장, 사랑나눔푸드마켓·뱅크‘일일 명예점장’활동 전개 - 제주사회복지신문",제주사회복지신문,"Fri, 21 Aug 2026 08:01:46 GMT",https://news.google.com/rss/articles/CBMicEFVX3lxTFBlRm8zUHNybTVtOWR4U1E4d204X29RQkJNZE9WLXR5ZkJWSVlYMjVZalJvOWRpOFdIWjBab1EtZ3JrWEp5OVR5LWl5TkJRd1RQSHNucnlhbTFQM1JBSDZFbmNfaHBRYy1CNHk0MFZsaEY?oc=5
2026-08-22,건강 관리 협회,5,"“혈액수급 위기 극복 동참” 한국건강관리협회 부산동부검진센터(동래), ‘생명 나눔 헌혈캠페인’ 실시 - 국제신문",국제신문,"Wed, 19 Aug 2026 09:09:00 GMT",https://news.google.com/rss/articles/CBMijgFBVV95cUxPbG5XQ21hNnNISHM2eVVEZEt3eTZQZHFIRWhUNnBuNGU1Xy03dE1yVlpHOEd5a29wd05PYlVBeURFVmxPNzFvNGladXV6TlhNaFl2cE8tUHhMd0ZKZjFEbFdETUQySF9xSzVJYUc3TlBzWDlfcVJpQ3V4RG1FNko5SEhhOUhxTHNFMHBGTWVB?oc=5
2026-08-22,건강 관리 협회,6,"한국건강관리협회, 생활체육·건강문화 확산 앞장…22일 ‘배드민턴 대회’ 팡파르 - 경기신문",경기신문,"Tue, 18 Aug 2026 07:18:48 GMT",https://news.google.com/rss/articles/CBMiYkFVX3lxTFA1ZFl1TGlxZWNRUVE2N1huUHdkbnJjd0tRc2RQOEMtY2lGY05sMksxYk9SUGthZTlwZWpWU19zWWhvcDNvSXFIUzhJVEVUMkNLZGx4Zi1TakFweE13SnA1TXl3?oc=5
2026-08-22,건강 관리 협회,7,건강관리협회 도지부 업무협약 - 강원도민일보,강원도민일보,"Tue, 18 Aug 2026 15:02:01 GMT",https://news.google.com/rss/articles/CBMiZ0FVX3lxTE1nS1VRZzhLLW1lYXdRVW4zc2IzWmhwTFVjcGcxYzExaXlwc2dobUZNMDdVQzU3d0NWTzBWbWM2YTAtdkNBNU0tX0RhdThKRDN2czBhOTZmMlpKd3Vhemdia2xGaEo4ems?oc=5
2026-08-22,건강 관리 협회,8,"KH한국건강관리협회제주지부, 정부제주지방합동청사에서 건강캠페인 실시 - 뉴스N제주",뉴스N제주,"Thu, 20 Aug 2026 05:15:52 GMT",https://news.google.com/rss/articles/CBMiZ0FVX3lxTE9PNGZNeXQtMzRqVzB1Rkw2SGx3LTdWTWdPMThDMEhrN3VOenp2TTg2aWFfLXpYdGt5MklRVkpDNGNWZ21zRTlaV2tXRWVKZkcxc0xmZEd6T2FaLUdabDltLVRPWXFEa1U?oc=5
2026-08-22,건강 관리 협회,9,"KH한국건강관리협회 인천광역시지부, - 경인신문",경인신문,"Tue, 18 Aug 2026 10:44:10 GMT",https://news.google.com/rss/articles/CBMiZ0FVX3lxTE1tdmpzT2MySG5FMjQ1Nm00WWVlUThaYTlBSm9pS3dmaEVkdjNRSXNwLXJ5eFdvdi1Sb3k4UTQxWTlhMWZNdmE1cFZDOGNPTTk0NjRkcDJlVTdyU3NtNjFsa2Vvb2FrWEE?oc=5
2026-08-22,건강 관리 협회,10,"울산대병원·건협 울산지부, 중증질환자 ‘패스트트랙’ 구축 - 간호사신문",간호사신문,"Fri, 21 Aug 2026 04:38:42 GMT",https://news.google.com/rss/articles/CBMibkFVX3lxTFBnTm5oXzl3cnE5Um43a2RvLVZ4RGY4NEhfeTdGal9XeUNBdE1pZmR0dnNEMmF2Wm5tcUt1N01lUm44bjgxUVlxbTh2N0Qxb2QtQ3ZpNklYbnEyU1RBdmViZ2VYWnNYNWdtazZVaXJn?oc=5
2026-08-22,건강 검진 예약,1,"마포웰니스내과의원ㆍ검진센터, 9월 정식 오픈 앞두고 사전예약 진행 … 프리미엄 건강검진 서비스 선보여 - 메디소비자뉴스",메디소비자뉴스,"Thu, 20 Aug 2026 03:19:30 GMT",https://news.google.com/rss/articles/CBMidkFVX3lxTE0tZ1Jib05SNjhJRm0xa3dNZ2dHUWl2Wl9nZXQ4eFg3NkNKcGZCbFJ1RnRQdjdRWVE2QnJ0Ykl6TS1YYXM0SlVlN2xUckVGU0Z5emNaMXNZQTdwMHlhVElXRTBLa05zX1Z0aGlaUHZTYmtVQjlPaXfSAXZBVV95cUxNLWdSYm9OUjY4SUZtMWt3TWdnR1FpdlpfZ2V0OHhYNzZDSnBmQmxSdUZ0UHY3UVlRNkJydGJJek0tWGFzNEpVZTdsVHJFRlNGeXpjWjFzWUE3cDB5YVRJV0UwS2tOc19WdGhpWlB2U2JrVUI5T2l3?oc=5
2026-08-22,건강 검진 예약,2,"교보생명, ‘건강검진 예약 서비스’ 출시… “보험 넘어 건강 파트너로” - 한국보험신문",한국보험신문,"Tue, 21 Jul 2026 07:00:00 GMT",https://news.google.com/rss/articles/CBMia0FVX3lxTE5XVEJ0V1lvMmhjdjh2VDRIblhrdmhJMEFIaTBuWDlVcDFPM2VZUkZQNnhLTVVNUGJaVlFDdVBfMllDTDJacGpDS1czV1MtbHVCcUN2NnZmeHBlUnowUWwxR21NUm1Ednh3UUtv0gFvQVVfeXFMTVNaWk1kLUFzbHU5eWhJbVY5NWJYMlRHYlR3TE0xUXJxMVp5cHFpMXdEYjNGci1TQU15RDBqbFVFQk9rVF93X283UHNGLWhqWXJuQUtVY0lIbUpTMWdZMUZKWk9vZFVZR0tqMXoxbW1V?oc=5
2026-08-22,건강 검진 예약,3,"건강검진, 따뜻한 봄날에 하면 여유롭습니다 - 대한민국 정책브리핑",대한민국 정책브리핑,"Fri, 20 Mar 2026 07:00:00 GMT",https://news.google.com/rss/articles/CBMiakFVX3lxTE9sbUxhSGVQNDVPTnUtMGZtWFpmRHdsTlRoUjlXdmZlUFZJQ0FIVFU4QzU4Z1FlMTNLazA5VTRTWGpyZzdVWTI0dFlFVU8xQ25uT3pWOWVJYWVwMlhKOFBkUTk5VmtMYW9NSVE?oc=5
2026-08-22,건강 검진 예약,4,"교보생명, 건강검진 예약 서비스 출시 - v.daum.net",v.daum.net,"Tue, 21 Jul 2026 07:00:00 GMT",https://news.google.com/rss/articles/CBMiVEFVX3lxTE8tT0UtMk13Qy11MUFZYmtrcDBBRHU4a1dBWk9HOHZ3WU1KbTlhUnNYVWtTRlVnU3hFRlZrTkF3eUl4NkRWZmVVTExFdHFuR29qV2dqRg?oc=5
2026-08-22,건강 검진 예약,5,교보생명 앱에서 ‘건강검진 예약’ 실시 - 스트레이트뉴스,스트레이트뉴스,"Tue, 21 Jul 2026 07:00:00 GMT",https://news.google.com/rss/articles/CBMic0FVX3lxTE5nLUFybmhJSFJQa3VCblBEUFZzLU4xRHVJenRiUGkzLTMtNmtMbnpCNmtBdndzNlVuYlJNNXEtMjExcUNDZnQ3cWt5RTlzUm9DVEJMdEFGOVBSZFZGdXVKTlgxTFFTMEdzcG1yMl84eE5JSW_SAXdBVV95cUxQZ29WenFrdENQcXpWYW15MzVvTTVILWFKeWdvMW4yZ1Npb0dBRWpaTV8ydHZtOVR5X1F4dVowSUk3eFU3WUVmY2ZYT1F4eUxtWDRDdlpteE5kMDFKdHpQb2lRdkVfT2ktUGd3Z0JXclpKZW53Q1I4dw?oc=5
2026-08-22,건강 검진 예약,6,"교보생명, 통합 앱에 '건강검진 예약서비스' 출시 - 머니투데이 - 머니투데이",머니투데이,"Tue, 21 Jul 2026 07:00:00 GMT",https://news.google.com/rss/articles/CBMia0FVX3lxTFA2N3U2aWgtQVlLTDZPRGZyV1JHd2Z1eW1LcThEVXZSY3Z2TjhNT1VDNGpZaE55ejVKWDBJRVdCNWUtQXIyTXMwZF8tSE5kYVRHeHpkNHk0eHlPN1BsRFNuV19lWHpHdkFLRjFR0gFwQVVfeXFMT0M5Tk93eDE3QXRORGg4ZGZRQzNrTEtHdjBTNW9kajY2ZkJiMmwtZU42V2VwSUstb0pPU3lzbVhTd2dnRDFBSV9taVlOMjNxU01sU2pDTGhhQ2FYUkFCZG02Zm1XT3Z3d1VyMVNWei1fdg?oc=5
2026-08-22,건강 검진 예약,7,"미래에셋생명, 프리미엄 건강검진 예약 서비스 출시 - 서울경제TV",서울경제TV,"Wed, 27 May 2026 07:00:00 GMT",https://news.google.com/rss/articles/CBMiZEFVX3lxTE5SVEtfNEwtV09QU0Rlbks0QUVvR0QxQzVoVV9xVnpwRmFMUkpwTlR5bWluR2w2M0RXbUpya0xiY1JydXluVzl1QVViNUYyN19BRkNTMWJrUTZVdE5KUkcwWkg1T1c?oc=5
2026-08-22,건강 검진 예약,8,"예산군보건소, ‘의료급여수급권자 건강검진’… 붐비기 전 미리 받으세요! - 대전투데이",대전투데이,"Wed, 19 Aug 2026 20:35:24 GMT",https://news.google.com/rss/articles/CBMic0FVX3lxTFB5elJEVnN6OTlrUXlPSmhlanVBZVdLd1huR0I0dWZEaWpHT0RWNTVlajdnQ3FJQmpja0kxc0JDOVZ3bGYxaFYySGRoSTB0QnNYU3FjTy1VdGxyMkhKTUYyaTlXdlBBOGZsY1dNcERQbTdlUWPSAXNBVV95cUxQeXpSRFZzejk5a1F5T0poZWp1QWVXS3dYbkdCNHVmRGlqR09EVjU1ZWo3Z0NxSUJqY2tJMXNCQzlWd2xmMWhWMkhkaEkwdEJzWFNxY08tVXRscjJISk1GMmk5V3ZQQThmbGNXTXBEUG03ZVFj?oc=5
2026-08-22,건강 검진 예약,9,"교보생명, ‘건강검진 예약 서비스’ 출시 - 보험신보",보험신보,"Tue, 21 Jul 2026 07:00:00 GMT",https://news.google.com/rss/articles/CBMia0FVX3lxTFBZQndaUGxBbjBTRFlVU1A4NHlPb2IteHp0Q09GV1MwX0M3OG1WTFlfbkNjRERnNWxBUzZUY3ZyanN6ckgxcDU4MWY3emlwQlFzVWJZUWNGMC1faGNRQUhfUktoUjZFSEJmWm5R?oc=5
2026-08-22,건강 검진 예약,10,“새벽2시 병원 도착했는데 71번째”… 영유아검진 ‘예약 전쟁’ - 문화일보,문화일보,"Tue, 09 Jun 2026 07:00:00 GMT",https://news.google.com/rss/articles/CBMiUEFVX3lxTE5aZElXQW1HLXkzZWVjZ01VOFpBanhRNVE5UGxEb1lwOEx4bm93UlFIeGZyZEE1RWdGRW9JUEQ3by13VHp4eXp2elpFMUQ1bnJC?oc=5
2026-08-22,건강 검진 결과,1,"""대한민국 40대가 가장 큰일!"" 국민 300만 명 건강검진 결과, 전문가 충격 진단 - YTN",YTN,"Wed, 19 Aug 2026 01:40:00 GMT",https://news.google.com/rss/articles/CBMiXkFVX3lxTFA2OHNSVVFkQTV5REJFTXlGMndURlJkSkxjcUhtemIwekwwWWxaZjE1b0I2dGZRQUV5SVRUUEJIckFDejBKQjZSdlNnTlRUckZwOEFSUHRsdG83OUxCMEE?oc=5
2026-08-22,건강 검진 결과,2,“건강검진 결과에 일희일비하지 마세요” - 헬스경향,헬스경향,"Wed, 19 Aug 2026 22:51:05 GMT",https://news.google.com/rss/articles/CBMia0FVX3lxTFBFMC1veG5OOG16TkZ0aEcwU0loU0tLU0xnRHIybE43MUg4eDdlTVFEUXJiZElIZHVfQW5hQ0ZrbDU4TVBiWC0zZmVBYmRDS01oRzBJNjZwb05yeVBRUTNFRE9BV0hCd2QwNHBJ?oc=5
2026-08-22,건강 검진 결과,3,"‘건강 이상설’ 다카이치, 검진 결과 “전혀 문제 없어” - 동아일보",동아일보,"Tue, 18 Aug 2026 07:03:00 GMT",https://news.google.com/rss/articles/CBMic0FVX3lxTE1FY19DdHpuWlA2eHF4Mi1UMXBIYXBxYWM3Y05ORWlxZ3dFMXFnU3hXZkV2SENMX0RyRkk1XzJBY0V3aEhiM3hHaEJWV09FcmFYRWJjYmRSU3ZoTEtlQmNqTGV1aUxnc0RnMG1BRlNIS2ltUXPSAWZBVV95cUxPQlcwZDlVVlpPWWJEQkNweUxtOTdpeWdnT3dRWUw1V3hlY2lHNnlVYlMzUWRBOUgteVRjcWxITGRyMVNnM3lNR1ExN2dtcGt4cG1YelRkMG5zNVJmVjhoakNMcTlETWc?oc=5
2026-08-22,건강 검진 결과,4,"영주적십자병원, 지역아동센터 아동 대상 맞춤형 종합건강검진 실시 - 글로벌뉴스통신GNA",글로벌뉴스통신GNA,"Fri, 21 Aug 2026 10:48:17 GMT",https://news.google.com/rss/articles/CBMidEFVX3lxTE1VTDdLSFRvZndHRG11MDJMYlVUMjByVVRSZy1UVGo0cFg0VTRicFhlaHo1bm1xU252VWF2WDdBbDVMSWtXcGVhM0JRMDBlMzFkajVPVTBROXhoQnRJaEFNdUJmWmctTlJ4YzJfWkFHdnRyRlhM?oc=5
2026-08-22,건강 검진 결과,5,"물혹·결절 하나에 ‘멘붕’…“건강검진 결과, 겁먹을 필요 없다” - v.daum.net",v.daum.net,"Sat, 15 Aug 2026 07:01:36 GMT",https://news.google.com/rss/articles/CBMiS0FVX3lxTE1UTWZsY3hhNmdmNGpVNnJ2SHBLMGpWVVhCaDF1Yl9oNm1yQkh4aWRzYVQybE8tZnFZWTA3X1NyNlktNFBpTnhuQ0hiQQ?oc=5
2026-08-22,건강 검진 결과,6,빈쩌우 지역에서는 주민의 38.41%가 무료 건강검진을 받았습니다. - Vietnam.vn,Vietnam.vn,"Fri, 21 Aug 2026 23:03:04 GMT",https://news.google.com/rss/articles/CBMigAFBVV95cUxPQ0k1RzAwSWVZWDhsXzBJQVEzUFF1ZDFtSzAwWm9oWFFmalgzNnpqaXloZVBCTTdWc2xNbEVoU0pMcUR3Q0JSZXZkbVlTOE82eXBoTGRkWnFYYWxtOEU2NWpVZVNZakx6WUxXMlpUUHU1YXJRdG9aeUIxd1lPZnFhUA?oc=5
2026-08-22,건강 검진 결과,7,"울산대병원·건강관리협회 울산지부, 검진 이상소견자 신속 진료체계 구축 ‘맞손’ - 울산종합일보",울산종합일보,"Fri, 21 Aug 2026 04:20:07 GMT",https://news.google.com/rss/articles/CBMibkFVX3lxTE1uc1g1blpDNUVrbGp5RmtaSnZJRXFJTDJCR1V4RGJTLUF5VkRCQzdQbjZtOXQxV2FMdXRYVVJ6ZENqQXFpa3hYMGppTDVSbWw3d0FLZEcxV1ZnNGtkR0h5c2dtOFNZOF93RDJNZDNn?oc=5
2026-08-22,건강 검진 결과,8,"GC케어ㆍGC녹십자의료재단, 의료ㆍ검진 기록 관리 특허 - 메디소비자뉴스",메디소비자뉴스,"Tue, 18 Aug 2026 04:58:50 GMT",https://news.google.com/rss/articles/CBMickFVX3lxTE1NU09rVWRKLWFKYUZ6dlRnM2tXZ2EyRzdaS0hUVjhleEoybHhQWWJwNjJpOENRZllJS2JXZHlhWDVNRHVIamdtdk9TXzRwWjJLbG8zOEtPSDlYY0trbVQzRW1lanR2dV90dWZkekVvampRd9IBdkFVX3lxTE5ETHpkaXAyb291NG1hRHM0QWRsYUVlRERQR2dkZGxncWFTOF8yZjF3ZjhJZkdKSFh3djhrQUYxMzlPdjhnR2lkSVZxWmtfTFMtLXhhNHhhWS1sdU1JVWYtbm16Y1lic0p6RUJBNmJ6dlpOZ0w1RUE?oc=5
2026-08-22,건강 검진 결과,9,"분산된 검진기록 한눈에··· 녹십자, 의료 데이터 관리 특허 취득 - 이뉴스투데이",이뉴스투데이,"Tue, 18 Aug 2026 09:03:39 GMT",https://news.google.com/rss/articles/CBMidEFVX3lxTFBRVFAtTl9MdHV4b2ZXNUJnbFY3cHg5dnVNNmhYTHE4MUpZa2NuajNxaWNNSnJLenpoS3FlWGZaME4wdFhTeEhfbXZiRjctbExpR0ExVG9SRV82TFFjWENRaUY5SnhRT2tTYUs0RXMxdHJoYXNG0gF0QVVfeXFMUFFUUC1OX0x0dXhvZlc1QmdsVjdweDl2dU02aFhMcTgxSllrY25qM3FpY01Kckt6emhLcWVYZlowTjB0WFN4SF9tdmJGNy1sTGlHQTFUb1JFXzZMUWNYQ1FpRjlKeFFPa1NhSzRFczF0cmhhc0Y?oc=5
2026-08-22,건강 검진 결과,10,"GC녹십자아이메드, 의료·검진 기록 통합 관리 기술 특허 취득 - 한국NGO신문",한국NGO신문,"Tue, 18 Aug 2026 04:48:51 GMT",https://news.google.com/rss/articles/CBMiaEFVX3lxTFBHbGNvVGVqQU9xV1RfX3dJOHZMZHpvc2taSzdjQjgyVms2em5CbzUtbGhjMWxWcGhoOUhybHJTT3hyeWJVNmVyOHFWdzlZUG5oa2ctc3lVOWFFa2tOZlZ4RDZLNEN1YUZ4?oc=5
2026-08-22,국가 건강 검진,1,"국가건강검진, 국민 생명 지키는 ‘예방의 첫걸음’ - 동대문 이슈",동대문 이슈,"Fri, 07 Aug 2026 04:55:00 GMT",https://news.google.com/rss/articles/CBMiYkFVX3lxTFBaRTBMVjMyYTdvMFRaSkNWRTdFWDZIWWMtckE3MFpCbU9YVVZZbXpyOWRoaXNGdFBXQUNwbDkxSzBWNVBISVFPZ2R3ZmFTQUhXUEF2MExaSEF0MFFrTWVGRE93?oc=5
2026-08-22,국가 건강 검진,2,"평창군, 20일부터 읍·면 순회 ‘찾아가는 건강검진’ - 신아일보",신아일보,"Tue, 18 Aug 2026 03:18:32 GMT",https://news.google.com/rss/articles/CBMicEFVX3lxTFBTc2QtUWNFcGtkbWctbGl4N3NPbVdfenNBT1Q1cWdPZXAtRGtaSHpkTGUtTExTUlNXSjVLZ21yT2RUM1pqWS1wMWYzbUV3QVBvWkFZWTdsVXZKczhXZXYyUUdlTjJoUFczNzYtTXdUM2s?oc=5
2026-08-22,국가 건강 검진,3,"담양, 의료급여수급권자 일반건강검진 집중 기간 운영 - 서울일보",서울일보,"Thu, 20 Aug 2026 06:37:29 GMT",https://news.google.com/rss/articles/CBMia0FVX3lxTFBjWVl2Wk1UMFFOc3lKQTRhRnM1YXpXbWdmRUREaXdsVUE2M3YxN0J4YXB2dDNuRlluNDRlWkJINEJUT3ZWQnEzTFBEQVZwaURON2lyeXF3aU9xM1NnRTNreHMxV09fcXd5LU5B0gFvQVVfeXFMUEJmRG90VkgzOFFVRjhTbW9IRFBKSnhSbG8yblFwWEQtWFNzd2hQajE5dGFrTEpWLVVpa2ZhaVExLWVJcTVZMlJpOXoyMHBEQVFUZ2RlQXA4eENfUW0yazZNVTY5U3NqMVlRSjRaRWF3?oc=5
2026-08-22,국가 건강 검진,4,내년부터 학생도 원하는 기관서 검진…전주기 국가건강검진 구축 - 연합뉴스,연합뉴스,"Tue, 30 Jun 2026 07:00:00 GMT",https://news.google.com/rss/articles/CBMiW0FVX3lxTE5TU21BX0pSUmNPTU92dFd2Smp1VmRqSFgtMm1tSl9RT1psUFNSOVJ2NjhKV0lNX3dsMXJfVDdHYlM4Z19iUVVZQWZ2M1hrXzF4RmR2OXB0VGxvT2vSAWBBVV95cUxPcXRGQS1sT0Z6Ml8wSDhVYzByUkluNkp0c28tSkRfaFo3WHhLVjFlc2RidktFRUFfX2hnOGxBbXIyOVJwVkgyNHNWOGZ4OXQ0OWFFeUZrSUZINk5hem5mSlU?oc=5
2026-08-22,국가 건강 검진,5,"담양군, ‘의료급여수급권자 일반건강검진 집중 기간’ 운영 - 브릿지경제",브릿지경제,"Thu, 20 Aug 2026 03:53:00 GMT",https://news.google.com/rss/articles/CBMiWkFVX3lxTE1uMVFBUG1fNklRSm52b0YxSFk2aFRVWkExNDIxSG5jZ2JIQzNvOS1mc1dCMWtSbHA0UDM3RVZfT0pxcnlqNm9SQmEtUGVnaWxhTmZ6dkxEdno5dw?oc=5
2026-08-22,국가 건강 검진,6,"“건강 검진 달라진다” 정부, 5년 국가건강검진종합계획 확정 - 이투데이",이투데이,"Wed, 01 Jul 2026 07:00:00 GMT",https://news.google.com/rss/articles/CBMiWkFVX3lxTE1La1N1anlUdGhRdy0tZTJ1b0RKZ3Awcl9KOHdLY1BFNHBCLVVQMHZsbXc5LVE0ZWNCbWxhR1Z5ekYwRW5TQnhvVjlvd194cTJHdURJUHVhY19VZw?oc=5
2026-08-22,국가 건강 검진,7,"평창군, 8월 20일부터 찾아가는 건강검진…저소득층 골다공증 무료검사 - NANOOM ENERGY",NANOOM ENERGY,"Tue, 18 Aug 2026 04:15:57 GMT",https://news.google.com/rss/articles/CBMia0FVX3lxTE1ORjVJbXY3OG1VUnhVV3EzRnhSX1NzVWpzQWJ5SXBtSW9RdzhHVzdnMURsSG9lM29DYlc4eEMtVWNMeUpkRlZfVjIwS19qUUg4RXIyU2dVazFWanpMTWROQXZwVmdQUUx4X09B?oc=5
2026-08-22,국가 건강 검진,8,"학생건강검진도 내년부터 국가검진으로···원하는 시기, 병원에서 받는다 - 경향신문",경향신문,"Tue, 30 Jun 2026 07:00:00 GMT",https://news.google.com/rss/articles/CBMiWkFVX3lxTE9NQVBnNGk1VzRHU2UzTFJBeVhXSHF5SGdVa09yaVZNaDZHNlZBQ290ejQ4c2ZWYmFpRHJQVjdpOXRTelZQMHlnclRIcnVsVnVNSmZMMzVveTZ3d9IBX0FVX3lxTE9lX0d0Z2JYRHhsWE0ycU9EQjBtUzJNaVFxZFFoOGtWWGxIZGZ1NG9TRS15RHZJVkhPdzg5OXliZ3M2N01SR0dOdllUMEZqMGlqcVp1LS13OHdwZUFTVU1r?oc=5
2026-08-22,국가 건강 검진,9,"평창군, '2026년 찾아가는 건강검진’실시 - 강원경제신문",강원경제신문,"Tue, 18 Aug 2026 03:21:00 GMT",https://news.google.com/rss/articles/CBMiPkFVX3lxTE1Ud1BJbWlYNXFrY0ZndGhxQ2JHR1V6bTNzVWUtWU9hS3RzSDJ6RWRTVm0zeHpVMEZpMUsyT19n?oc=5
2026-08-22,국가 건강 검진,10,국가건강검진에 인공지능 전격 도입…의료계 긴장 - 데일리메디,데일리메디,"Fri, 03 Jul 2026 07:00:00 GMT",https://news.google.com/rss/articles/CBMiaEFVX3lxTE5WU3psS0NWWENERDBZTUZteGc4SWlzRG9vUi1BdVFjU1pwUllYV3k5Q2xfQnlNVGtYQUFSSHpRWnhiNmlxbHJWdzg2ZFo4Mk1mLW0xR1NGMWdpU01EdGhXTlBiYUxKV3Qy?oc=5
2026-08-22,채용 건강 검진,1,국민 체육 진흥 공단 채용 직접 써보고 느낀 점 후기 - ilmondodegliarchivi.org,ilmondodegliarchivi.org,"Sun, 16 Aug 2026 19:37:22 GMT",https://news.google.com/rss/articles/CBMi4AJBVV95cUxOMlNfUmM1SDFNdU1YQ1V5YnAwRzlweWhHeXVkblg0dWtSVm9xVkpVLUtrNmNLR0ZiOXZ3NGJ0SzEwcXJ6OFcwUlptLTd3X0lQd0FrdXJSQ2FXLXU4VERaMGR4M1VvQU9pVFZub2xCV0ZRNHVzamQ4bGdSUzZERzJ4c19YcXhqdV9oSUV6dTdvX2FZRHJ4WG92SndBQUNwYzhIYldEaFI3Z1IzQ3p2Ti1CMGxOTWRTMXdMX29UQXFVeG1rNlYxc1YtMko1VEliY2lWQUVzWURUZVREZWU3VUZROUxxUmRvd25LVGVQWWs0bTF3dUdoanZVa0Z0S1UxUVBodUZOOHNFOFFkdlptU0pzZlE0U2FUZUFSYVhlVHk5NmFueUlybm9KT2hKZko2MlR4ZC1WbVVLU2d6YWh1b1Rma1JQendwSTE4WDJ6eU1HRWFTSWszSnpsYmpSMHFWdFk1?oc=5
2026-08-22,채용 건강 검진,2,"[교육타파] 법 바뀐 줄도 몰랐고, 알아도 말 못했다""…기간제교사 45% 면제 대상에도 신체검사 받았다 - 전북미래교육신문",전북미래교육신문,"Thu, 30 Apr 2026 07:00:00 GMT",https://news.google.com/rss/articles/CBMiX0FVX3lxTE53MW1yaUpucFB1WW5ZeXhMd21Bc1lsVnEzN0pqN1Q2c1FyQTRPWVNSa21nWTQxdWRrVWJxOUxMcV9SdFNscTFtWHFNTzlVVkREdi1iLTV0d21LajRWTDhr?oc=5
2026-08-22,채용 건강 검진,3,법원공무원 신규 채용자도 마약류 검사 의무화…필로폰 등 6종 검사 - 피앤피뉴스,피앤피뉴스,"Wed, 08 Jul 2026 07:00:00 GMT",https://news.google.com/rss/articles/CBMiXkFVX3lxTE1hWWZyaW80TE13STRacGFXYmw3M0YydTFYcU13Zzl6YlhmYkZKRFU1dU1nc05HV19sZExGSElER2p4X1BLN2gxSkk3Q2RSR21iM0N3VExNOXdHU2c5WUHSAVZBVV95cUxNYUlqM0ZNVE1lS0lPaS1iZEZ4c1dqUnU2SkFaM2ctMFZlODNVVERSVnR4SkVVQ19VZWlsRE1sVlViRS02RnZOSHczYXVlUWpqMmt4ZWpNUQ?oc=5
2026-08-22,채용 건강 검진,4,"삼성, 상반기 공채 오늘부터 시작 - 한경매거진&북",한경매거진&북,"Mon, 09 Mar 2026 07:00:00 GMT",https://news.google.com/rss/articles/CBMibEFVX3lxTFBWQTRxaGd3cEtTTkJRc3RvRC12eG1lSzZndm1xSTg4SS1xbzhDeEF4RmJJMjVGLWtROURnNWV1Q2VvdHBSa3pFb01TalRybUQ4T2tZTVNaZy1tUmdYT3psU1VlSEVkUGozYmd0ZQ?oc=5
2026-08-22,채용 건강 검진,5,취업준비생이라면 반드시 알아야 할 채용건강검진 상식 - 메디컬투데이,메디컬투데이,"Fri, 13 Feb 2026 08:00:00 GMT",https://news.google.com/rss/articles/CBMibEFVX3lxTFB3dktRQnU5UGpfVVpORDNvQTZTb3lob0cxdE5MWUlKb3NhcW5qX1BrM1hhRXdiazdvXzcwZ1RubnJCY1Y0ZUZYc1E5aU5acVNESERlWEFVcWM0c1ZyT2c3bGczZjJ0TFNIbG9KMg?oc=5
2026-08-22,채용 건강 검진,6,국가건강검진 결과를 활용한 ‘채용 건강검진 대체 통보서’ 발급 서비스 - 지디넷코리아,지디넷코리아,"Wed, 09 Mar 2022 08:00:00 GMT",https://news.google.com/rss/articles/CBMiVkFVX3lxTE9fSGJ4WDQ4ZTU5dWVBeGZOaWp3Z1hzSE1kLXV1WlA1Q1FNZ0JOYkExTXZCUDkyZ1JJTWhfa1I3MHZXZ0ZrMzVrQWtuU29jTkk0anNNOEV3?oc=5
2026-08-22,채용 건강 검진,7,건보공단 ‘채용 건강검진 대체 통보서’ 발급 서비스 개시 - 메디포뉴스,메디포뉴스,"Mon, 28 Feb 2022 08:00:00 GMT",https://news.google.com/rss/articles/CBMiZEFVX3lxTFB2d3VSNFUtaGxRUHpjSndEbDBObTlnY3BFNmZ5TTBMS3BJRnpCVDJrNVFBNmpaNXpXUEVKVHNDdWx6RmctdjVDc2tlX2dfbTJqQlk4eXFBa0pXUVJza2I4WTF5dUM?oc=5
2026-08-22,채용 건강 검진,8,공공기관 환경미화원 채용 때 ‘공무원용 신체검사서’ 안 내도 된다 - 경향신문,경향신문,"Wed, 19 Mar 2025 07:00:00 GMT",https://news.google.com/rss/articles/CBMiWkFVX3lxTFB0SXB3Vk8zM0xIb0Y4ZUthVHZodUtaOUR5V0EyT2VrbmxTX3I4VC1uOG9KS1RPSGdGZXJZckxmQ2F2YWVTRUtjODBuaVNLanlOVmNMMUVJVTlpZ9IBX0FVX3lxTE5zc3BULTRXbHJIWXdXOWMtSGRGVXFsZ3BpWE5waVM0QWxRUkV6VzZTRnhNSTJDQVhKbHhveElaejBCMU4xMXhBWUJMdTJhWExRZ2tZZFd0WVJYdGtFTW44?oc=5
2026-08-22,채용 건강 검진,9,‘채용 신체검사’ 대신 ‘국가건강검진 결과’ 사용 가능 - 아파트관리신문,아파트관리신문,"Sun, 06 Mar 2022 08:00:00 GMT",https://news.google.com/rss/articles/CBMiZkFVX3lxTE5uaVlZOGpoT2NIQmROQnFGRDNLcVV1b05iLVZRN1FBYkRaYWU4R2tOaHk0Sjh6dWs5bHJBeHBZcTVzbXFzcFdETER3UjJ3MkcyVzlZY3RYTW5MSFYzdkVaMUtpbGluUdIBakFVX3lxTE9ET2V0SjZHQV92OUlienJ6YXY2VTNZTE4xOWZSbGxzR3hBQ3I0cnNzNnU4OWg3elhJRHVzM2lNRURKRjBmUEFBZC1EdHV4cHV2SFBvUERlNkNyYnF0Nm51LW5ydnFsVG54T2c?oc=5
2026-08-22,채용 건강 검진,10,취업의 최종관문 ‘채용 건강검진’ 만만히 보면 안돼요 - 매경헬스,매경헬스,"Tue, 07 Jan 2020 08:00:00 GMT",https://news.google.com/rss/articles/CBMiZ0FVX3lxTE13YlFvWlAwMGtkY1RzMTEydlkxVHp5OGNOTWhjM0xVYXE5Q1JEOW9aSEdqYUMwQnhDMDY4bGlYNEMyRmxfNWNoaTIwYzRrWXA1TVhVYXB0MWZJRVNYMmRTTzgydFByRnM?oc=5
2026-08-22,한국 건강 관리 협회,1,검진 이상소견시 즉시 진료연계…울산대병원·건강관리협회 협약 - 연합뉴스,연합뉴스,"Fri, 21 Aug 2026 05:38:44 GMT",https://news.google.com/rss/articles/CBMiW0FVX3lxTE1Na0tzVWFMRDZlNEpDcmdra0ZyaENqNDdBZnZIN0NRNWlkNVUwWnVtUUVFMmpzSTNRUGZGeEJyMXY5M2pMZEdwZGoteU01ckY0YlljVEUxMDRwY1HSAWBBVV95cUxQZGhPM3hucTJhaHVwT05sZmI4bHB4T1RPbU1aWUphOS0xQWFlT2QwN3h6aWxjRUFzcHdzQmZIVEJxTkJNa0xOSDNsdjhILW1ucEl0R1RPVk5vLVVQVkR4LUg?oc=5
2026-08-22,한국 건강 관리 협회,2,"KH한국건강관리협회 경기도지부, SK청솔노인복지관 정기 배식 봉사활동 실시 - 서울뉴스통신",서울뉴스통신,"Fri, 21 Aug 2026 07:11:53 GMT",https://news.google.com/rss/articles/CBMia0FVX3lxTE9QT09sbFotUkFiUU5CVWZkNl93aGQzYVhKdFVoZ2RpV3BxZHRaYWtGMTg5Q2NRMGh3MkktWHRoemJ6R05hamhsMjN1dE1UTnlsU0dnWS0tSkQycDBWdFhGeG5obE5mV2dBeGpv?oc=5
2026-08-22,한국 건강 관리 협회,3,"임정식 한국건강관리협회 제주지부 본부장, 사랑나눔푸드마켓·뱅크‘일일 명예점장’활동 전개 - 제주사회복지신문",제주사회복지신문,"Fri, 21 Aug 2026 08:01:46 GMT",https://news.google.com/rss/articles/CBMicEFVX3lxTFBlRm8zUHNybTVtOWR4U1E4d204X29RQkJNZE9WLXR5ZkJWSVlYMjVZalJvOWRpOFdIWjBab1EtZ3JrWEp5OVR5LWl5TkJRd1RQSHNucnlhbTFQM1JBSDZFbmNfaHBRYy1CNHk0MFZsaEY?oc=5
2026-08-22,한국 건강 관리 협회,4,"울산대병원·건강관리협회, 진료 협력…""지역 의료 강화"" - 뉴시스",뉴시스,"Fri, 21 Aug 2026 05:21:48 GMT",https://news.google.com/rss/articles/CBMieEFVX3lxTE5jSTl0bURoYVNOWE9KeGk2blZZSnRSdlplZFdoQ2VvYmZnRVYzOFc3Q0QwQXZKVzJocEJzODAxNk5UanZMNDZ5aERZd1ZCcVBYVWFRanFDbmVxZkVjUDNCSWM3YU53UTNKTjMtZ3hEdlk5dzBxcUtnQ9IBeEFVX3lxTE5jSTl0bURoYVNOWE9KeGk2blZZSnRSdlplZFdoQ2VvYmZnRVYzOFc3Q0QwQXZKVzJocEJzODAxNk5UanZMNDZ5aERZd1ZCcVBYVWFRanFDbmVxZkVjUDNCSWM3YU53UTNKTjMtZ3hEdlk5dzBxcUtnQw?oc=5
2026-08-22,한국 건강 관리 협회,5,"“혈액수급 위기 극복 동참” 한국건강관리협회 부산동부검진센터(동래), ‘생명 나눔 헌혈캠페인’ 실시 - 국제신문",국제신문,"Wed, 19 Aug 2026 09:09:00 GMT",https://news.google.com/rss/articles/CBMijgFBVV95cUxPbG5XQ21hNnNISHM2eVVEZEt3eTZQZHFIRWhUNnBuNGU1Xy03dE1yVlpHOEd5a29wd05PYlVBeURFVmxPNzFvNGladXV6TlhNaFl2cE8tUHhMd0ZKZjFEbFdETUQySF9xSzVJYUc3TlBzWDlfcVJpQ3V4RG1FNko5SEhhOUhxTHNFMHBGTWVB?oc=5
2026-08-22,한국 건강 관리 협회,6,"한국건강관리협회, 생활체육·건강문화 확산 앞장…22일 ‘배드민턴 대회’ 팡파르 - 경기신문",경기신문,"Tue, 18 Aug 2026 07:18:48 GMT",https://news.google.com/rss/articles/CBMiYkFVX3lxTFA1ZFl1TGlxZWNRUVE2N1huUHdkbnJjd0tRc2RQOEMtY2lGY05sMksxYk9SUGthZTlwZWpWU19zWWhvcDNvSXFIUzhJVEVUMkNLZGx4Zi1TakFweE13SnA1TXl3?oc=5
2026-08-22,한국 건강 관리 협회,7,"울산대병원·건협 울산지부, 중증질환자 ‘패스트트랙’ 구축 - 간호사신문",간호사신문,"Fri, 21 Aug 2026 04:38:42 GMT",https://news.google.com/rss/articles/CBMibkFVX3lxTFBnTm5oXzl3cnE5Um43a2RvLVZ4RGY4NEhfeTdGal9XeUNBdE1pZmR0dnNEMmF2Wm5tcUt1N01lUm44bjgxUVlxbTh2N0Qxb2QtQ3ZpNklYbnEyU1RBdmViZ2VYWnNYNWdtazZVaXJn?oc=5
2026-08-22,한국 건강 관리 협회,8,"KH한국건강관리협회제주지부, 정부제주지방합동청사에서 건강캠페인 실시 - 뉴스N제주",뉴스N제주,"Thu, 20 Aug 2026 05:15:52 GMT",https://news.google.com/rss/articles/CBMiZ0FVX3lxTE9PNGZNeXQtMzRqVzB1Rkw2SGx3LTdWTWdPMThDMEhrN3VOenp2TTg2aWFfLXpYdGt5MklRVkpDNGNWZ21zRTlaV2tXRWVKZkcxc0xmZEd6T2FaLUdabDltLVRPWXFEa1U?oc=5
2026-08-22,한국 건강 관리 협회,9,"KH한국건강관리협회 인천광역시지부, - 경인신문",경인신문,"Tue, 18 Aug 2026 10:44:10 GMT",https://news.google.com/rss/articles/CBMiZ0FVX3lxTE1tdmpzT2MySG5FMjQ1Nm00WWVlUThaYTlBSm9pS3dmaEVkdjNRSXNwLXJ5eFdvdi1Sb3k4UTQxWTlhMWZNdmE1cFZDOGNPTTk0NjRkcDJlVTdyU3NtNjFsa2Vvb2FrWEE?oc=5
2026-08-22,한국 건강 관리 협회,10,건강관리협회 도지부 업무협약 - 강원도민일보,강원도민일보,"Tue, 18 Aug 2026 15:02:01 GMT",https://news.google.com/rss/articles/CBMiZ0FVX3lxTE1nS1VRZzhLLW1lYXdRVW4zc2IzWmhwTFVjcGcxYzExaXlwc2dobUZNMDdVQzU3d0NWTzBWbWM2YTAtdkNBNU0tX0RhdThKRDN2czBhOTZmMlpKd3Vhemdia2xGaEo4ems?oc=5
